Observables:
-1.0672577136250523    0.07140283513297203    0.016600489902454104
-1.3592717255330358    0.08970877110554308    0.004583913491265618
-1.094405541054193    0.03823520750275488    0.038064970595690355
-0.6904091152473086    0.03409052579782335    0.011337050143638401
-1.2904895776891818    0.08205298703091043    0.004766769192507611
-2.487516559171748    0.03315332557931881    0.018316290227610086
-0.5789103811513002    0.04261017493843872    0.022604293525163927
-0.8144595016044369    0.0232344018248853    0.028108944119586206
-0.4796760275789939    0.02627448256417988    0.003856088436066101
-0.6938692354899839    0.04315705478518573    0.0029883637990841382
-0.4573354789886472    0.047695362349159214    0.00772139815853495
-1.0337563129663754    0.02126439612448929    0.006289539081908665
-1.123287359258038    0.045292416453520626    0.004426132060717703
-1.02164943328233    0.045449852394178335    0.0028650617459506146
-0.48763509418043893    0.043273924371591076    0.002421231435687345
-2.0155911706593455    0.08548127039833224    0.005961706567725994
-1.623785062427756    0.05790117557940062    0.06484251588170806
-0.5968167211935738    0.0402012564057365    0.03168566706936181
-0.691464919012508    -0.039180682961563046    0.005392822912592228
-1.4210219800602895    0.05282855105106633    0.007318446506509036
-0.9289438924628988    0.020735715473745326    0.08557990792662498
-1.5646163333194358    0.05407249917277538    0.033049800823649236
-0.5250229091325713    0.029511268117534885    0.004560104481747762
-1.3264085657922393    0.02179081564889665    0.00413210248426283
-0.8032709142554862    0.03271314763682813    0.00833990973635617
-0.9232392535815865    0.041982113188691814    0.006776831899054133
-0.6562978946513842    0.02070515257737274    0.003966394114886575
-0.6861313201535488    0.04353341249502715    0.003312024796808076
-1.2012565003539537    0.07664714664363212    0.011546189882548944
-0.7970774571525816    0.06433770366446998    0.0033922901268803683
-1.0083144040056298    0.05778685613751033    0.0027310006742284803
-0.5939000356751113    0.030919916562168116    0.006036183865476651
-1.1005856136441683    0.08496113115263249    0.00997193369695994
-0.5327980887086047    0.022204132178537127    0.006352851613068597
-0.9260751455628694    0.021940247268365878    0.005614583779870864
-0.9370997050151008    0.04816638617597053    0.016191777216234778
-0.6965165428019149    0.06621792387543142    0.003103691985921204
-0.4804518065638338    0.013154792244469948    0.01709413070873817
-1.0812945220066392    0.07329410114003437    0.010779920604727754
-0.6477275385185115    0.03533546091784384    0.011669912257961566
-0.2542124372588592    0.00904901273414322    0.01754932351792193
-0.5890962367823319    0.03116935057353875    0.019057324819868448
-0.49361745970302306    0.019203860501818534    0.012910942050560655
-1.3936803717136925    0.08131182909084737    0.0375825870093752
-2.7283642853670393    -0.6431194401255003    0.018654195004654102
-0.6225903750295378    0.017290256860376774    0.059640002032169834
-1.2928336167078531    0.10606987107866458    0.04584917715263044
-1.1593442611384548    0.06550860315347015    0.16535784802592524
-1.0168321453931828    0.07372483563458697    0.16939649996227812
-0.7724626745887277    0.03286396571291348    0.21658103773298454
-1.6401996144932387    0.09808723865187315    0.11389708671453959
-1.0719801390610524    0.07350621458679545    0.07929785874489795
-0.8123709095051652    0.021811273812247088    0.019132455397447824
-0.7835853393779839    0.04701274409052385    0.10714150539748174
-0.9671788563729887    0.03414107196176151    0.11579925602392885
-0.8155068038752494    0.03560443490854649    0.11525776987732099
-0.9259441324348572    0.050631874505431516    0.10481339589917606
-0.777355102288362    0.05039075708173119    0.043493220973482107
-0.5144712816802457    0.022387267695527575    0.055388329823935115
-1.1147724197523141    0.08095081794615579    0.141010141470354
-0.8300362581992955    0.03278813181013351    0.21892928826251093
-0.5547180473638913    0.009751267026224673    0.2408365219457365
-1.1397322174375093    0.05934025541375475    0.17680142814194344
-1.2668059055706447    0.058756015567594924    0.18984038159509964
-1.1467930443023    0.0359712515423358    0.21513096403842116
-1.4072922218779256    0.08243025408723563    0.09572550129546213
-1.1779659836981042    0.02389186560376077    0.12456500660551749
-2.204386790370103    0.07585044632854339    0.1682373081832834
-1.119010195906616    0.05232608915002716    0.16146461186333202
-1.2145743710291868    0.10310626718401146    0.061584500051348585
-1.2338445566709373    0.09605019989280471    0.08586326556730589
-0.8921100970309517    0.02181104881130586    0.22915975748782189
-1.0751823248369234    0.07019941679928504    0.18096106766745754
-0.7499605408179285    0.05509000396147052    0.174233622310171
-0.8609820072083432    0.0439096852282576    0.20329592602109842
-0.6017887674763351    0.013745432968817124    0.23706168959978652
-0.7362772684484203    0.03226072620329527    0.21766597669385557
-1.0365376725419333    0.045675406405594886    0.2041365598946876
-0.8125715597996168    0.023003982955726258    0.22805298076373137
-1.0731755986594786    0.05707895073243104    0.17599612051302047
-1.0375942142074337    0.0572206201978269    0.19451287983459264
-0.7717249561601287    0.019739212435312476    0.23124904035954935
-1.229902863456308    0.02714371614814239    0.22401846744372786
-1.0390718846927034    0.054833406933252095    0.19108642032167542
-1.2313360426759792    0.06376520934173821    0.1641932139769317
-0.919239824112682    0.06029623124182052    0.15799880550791323
-0.8449282448312814    0.019982396246367037    0.23105101934434263
-0.9736959699450873    0.05660514846261979    0.19156649185099303
-0.7929013659606252    0.03350993577466409    0.21528388510472174
-0.9830889351728342    0.0705534515906322    0.11059754071034529
-1.5778889519229597    0.11052400168530357    0.1254760903081574
-0.8930669199202048    0.04546473997952422    0.20419990557465803
-1.1035347478695594    0.07282932480259406    0.15566524359596526
-0.73222482305895    0.03866993683294019    0.1161265509158523
-0.8625053923760362    0.03838187460567506    0.11195980733226095
-0.6519612505600451    0.027495165759170624    0.062047597535093126
-0.5564139599643725    0.009444241686700203    0.13452996687684024
-0.9028031506619951    0.047315142350429884    0.1071199293910258
-1.292161682730737    0.08219442309328885    0.08060213335739061
-0.964081937356867    0.060487850541910214    0.1801272232320292
Binned Kinetic energy: -0.9868590836294 ± 0.40516526777676487
Binned double occupation: 0.040412257785378373 ± 0.07359126749426709
Magnetization: 0.0898111788623636 ± 0.08230151067851081
