Observables:
-0.6270964513526375    0.04657051271275796    0.06680302748608102
-0.6039098513943777    0.028161925815080778    0.0819816196333388
-1.0186953167561899    0.056636592894914385    0.06143039333197907
-1.1942949885534784    0.07873668793199486    0.04949799938653654
-1.164534097513421    0.03293426365188087    0.0833000989462032
-0.9908843037135735    0.04874873284845064    0.026637777974525826
-0.748148794115534    0.03498545421141706    0.031449550607131685
-0.6328527282126135    0.03028550282081241    0.007951206074787233
-0.80526854683192    0.04743550014514096    0.002668913423102893
-0.849884542624326    0.06223261841135776    0.005196949514661279
-0.7403740287234364    0.0699348399525372    0.003375524416383339
-0.4210502178634503    0.018215687278215754    0.0034205921253047237
